X =

       NaN    3.4572    1.8594    1.3636
       NaN    4.1961    2.0484    1.4312
       NaN    4.9350    2.2215    1.4905
       NaN    5.6739    2.3820    1.5434
       NaN    6.4128    2.5324    1.5913
       NaN    7.1517    2.6743    1.6353
       NaN    7.8906    2.8090    1.6760
       NaN    8.6295    2.9376    1.7139
       NaN    9.3684    3.0608    1.7495
       NaN   10.1073    3.1792    1.7830
       NaN   10.8462    3.2934    1.8148
       NaN   11.5851    3.4037    1.8449
       NaN   12.3241    3.5106    1.8736
       NaN   13.0630    3.6143    1.9011
       NaN   13.8019    3.7151    1.9275
       NaN   14.5408    3.8132    1.9528
       NaN   15.2797    3.9089    1.9771
       NaN   16.0186    4.0023    2.0006
       NaN   16.7575    4.0936    2.0233
       NaN   17.4964    4.1829    2.0452

sigma =

   0.00000   4.37142   0.00000

X =

        NaN  -1.605793   1.859351   1.363580
        NaN  -1.436762   2.048437   1.431236
        NaN  -1.267731   2.221486   1.490465
        NaN  -1.098701   2.381996   1.543372
        NaN  -0.929670   2.532353   1.591337
        NaN  -0.760639   2.674269   1.635319
        NaN  -0.591608   2.809025   1.676015
        NaN  -0.422577   2.937606   1.713944
        NaN  -0.253546   3.060789   1.749511
        NaN  -0.084515   3.179204   1.783032
        NaN   0.084515   3.293364   1.814763
        NaN   0.253546   3.403696   1.844911
        NaN   0.422577   3.510563   1.873650
        NaN   0.591608   3.614272   1.901124
        NaN   0.760639   3.715086   1.927456
        NaN   0.929670   3.813236   1.952751
        NaN   1.098701   3.908923   1.977100
        NaN   1.267731   4.002322   2.000580
        NaN   1.436762   4.093591   2.023262
        NaN   1.605793   4.182869   2.045206

sigma =

   0.00000   4.37142   0.70917

X =

        NaN  -1.605793  -1.837036   1.363580
        NaN  -1.436762  -1.570407   1.431236
        NaN  -1.267731  -1.326391   1.490465
        NaN  -1.098701  -1.100055   1.543372
        NaN  -0.929670  -0.888037   1.591337
        NaN  -0.760639  -0.687921   1.635319
        NaN  -0.591608  -0.497902   1.676015
        NaN  -0.422577  -0.316590   1.713944
        NaN  -0.253546  -0.142889   1.749511
        NaN  -0.084515   0.024087   1.783032
        NaN   0.084515   0.185064   1.814763
        NaN   0.253546   0.340644   1.844911
        NaN   0.422577   0.491337   1.873650
        NaN   0.591608   0.637576   1.901124
        NaN   0.760639   0.779735   1.927456
        NaN   0.929670   0.918136   1.952751
        NaN   1.098701   1.053064   1.977100
        NaN   1.267731   1.184766   2.000580
        NaN   1.436762   1.313464   2.023262
        NaN   1.605793   1.439355   2.045206

sigma =

   0.00000   4.37142   0.70917   0.20539

X =

        NaN  -1.605793  -1.837036  -1.963779
        NaN  -1.436762  -1.570407  -1.634386
        NaN  -1.267731  -1.326391  -1.346020
        NaN  -1.098701  -1.100055  -1.088435
        NaN  -0.929670  -0.888037  -0.854909
        NaN  -0.760639  -0.687921  -0.640772
        NaN  -0.591608  -0.497902  -0.442640
        NaN  -0.422577  -0.316590  -0.257973
        NaN  -0.253546  -0.142889  -0.084810
        NaN  -0.084515   0.024087   0.078393
        NaN   0.084515   0.185064   0.232878
        NaN   0.253546   0.340644   0.379660
        NaN   0.422577   0.491337   0.519579
        NaN   0.591608   0.637576   0.653342
        NaN   0.760639   0.779735   0.781544
        NaN   0.929670   0.918136   0.904697
        NaN   1.098701   1.053064   1.023243
        NaN   1.267731   1.184766   1.137563
        NaN   1.436762   1.313464   1.247994
        NaN   1.605793   1.439355   1.354832


!! Submission failed: X(_,5): but X has size 20x4


Function: featureNormalize
FileName: D:\Downloads\machine-learning-ex1\ex1\featureNormalize.m
LineNumber: 36

Please correct your code and resubmit.
