Theta1 =

   0.84147   0.41212  -0.96140
   0.14112  -0.99999   0.14988
  -0.95892   0.42017   0.83666
   0.65699   0.65029  -0.84622

ans =

   0.14112  -0.95892   0.65699   0.41212  -0.99999   0.42017   0.65029  -0.96140   0.14988   0.83666  -0.84622

ans =

   0.708073   0.169842   0.924285
   0.019915   0.999980   0.022463
   0.919536   0.176540   0.699993
   0.431631   0.422874   0.716089

ans =

  2.9193e-001  8.3016e-001  7.5715e-002  9.8248e-001  1.7627e-004
  9.8009e-001  1.9587e-005  9.7754e-001  8.5345e-002  8.1666e-001
  8.0464e-002  8.2346e-001  3.0001e-001  5.5959e-001  5.8586e-001
  5.6837e-001  5.7713e-001  2.8391e-001  8.3675e-001  7.1098e-002

dt =

   0   0   0
   0   0   0
   0   0   0
   0   0   0
   0   0   0
   0   0   0
   0   0   0
   0   0   0
   0   0   0
   0   0   0
   0   0   0
   0   0   0
   0   0   0
   0   0   0
   0   0   0
   0   0   0

delta3 =

   0.49283
  -0.77378
   0.74120
   0.58760

gz =

   0.74945   0.48601   0.25940   0.71690

g =

   0.18777   0.24980   0.19211   0.20295

delta2 =

   0.316505   0.421060   0.323816   0.342091
  -0.042483  -0.056517  -0.043465  -0.045918
  -0.304142  -0.404613  -0.311168  -0.328729
   0.130989   0.174260   0.134014   0.141578
   0.266024   0.353903   0.272170   0.287530

delta2 =

   0.421060   0.323816   0.342091
  -0.056517  -0.043465  -0.045918
  -0.404613  -0.311168  -0.328729
   0.174260   0.134014   0.141578
   0.353903   0.272170   0.287530

test =

   0.48097
   0.36989
   0.39077

ans =

   3   1

delta3 =

   0.49644
   0.22636
  -0.26171
   0.59045

gz =

   0.74285   0.48419   0.26734   0.71143

g =

   0.19103   0.24975   0.19587   0.20530

delta2 =

   0.079284   0.103657   0.081293   0.085207
  -0.217266  -0.284058  -0.222774  -0.233498
  -0.016059  -0.020996  -0.016466  -0.017259
   0.221939   0.290168   0.227565   0.238520
  -0.048525  -0.063443  -0.049755  -0.052151

delta2 =

   0.103657   0.081293   0.085207
  -0.284058  -0.222774  -0.233498
  -0.020996  -0.016466  -0.017259
   0.290168   0.227565   0.238520
  -0.063443  -0.049755  -0.052151

test =

  -0.085083
  -0.066727
  -0.069939

ans =

   3   1

delta3 =

   0.50865
   0.24224
   0.71393
  -0.40631

gz =

   0.69515   0.52931   0.28455   0.65700

g =

   0.21192   0.24914   0.20358   0.22535

delta2 =

  -0.014578  -0.017138  -0.014004  -0.015502
   0.104719   0.123112   0.100600   0.111356
  -0.015896  -0.018687  -0.015270  -0.016903
  -0.100093  -0.117674  -0.096156  -0.106437
   0.045023   0.052931   0.043252   0.047876

delta2 =

  -0.017138  -0.014004  -0.015502
   0.123112   0.100600   0.111356
  -0.018687  -0.015270  -0.016903
  -0.117674  -0.096156  -0.106437
   0.052931   0.043252   0.047876

test =

   0.059842
   0.048899
   0.054128

ans =

   3   1

delta3 =

  -0.48085
   0.26066
   0.68807
   0.59487

gz =

   0.64647   0.57929   0.29530   0.59966

g =

   0.22855   0.24371   0.20810   0.24007

delta2 =

   0.028752   0.030660   0.026180   0.030201
   0.139810   0.149088   0.127302   0.146858
  -0.069437  -0.074045  -0.063224  -0.072937
  -0.119604  -0.127541  -0.108904  -0.125634
   0.104242   0.111159   0.094916   0.109496

delta2 =

   0.030660   0.026180   0.030201
   0.149088   0.127302   0.146858
  -0.074045  -0.063224  -0.072937
  -0.127541  -0.108904  -0.125634
   0.111159   0.094916   0.109496

test =

   0.113142
   0.096608
   0.111449

ans =

   3   1

delta3 =

   0.51710
  -0.73666
   0.68735
   0.59220

gz =

   0.64601   0.58855   0.28915   0.59644

g =

   0.22868   0.24216   0.20554   0.24070

delta2 =

   0.377350   0.399591   0.339171   0.397181
  -0.068734  -0.072785  -0.061779  -0.072346
  -0.357348  -0.378410  -0.321193  -0.376129
   0.172722   0.182902   0.155247   0.181799
   0.307086   0.325186   0.276016   0.323225

delta2 =

   0.399591   0.339171   0.397181
  -0.072785  -0.061779  -0.072346
  -0.378410  -0.321193  -0.376129
   0.182902   0.155247   0.181799
   0.325186   0.276016   0.323225

test =

   0.37670
   0.31974
   0.37443

ans =

   3   1

delta3 =

   0.50444
   0.24757
  -0.28752
   0.58816

gz =

   0.69427   0.54903   0.27212   0.65071

g =

   0.21226   0.24760   0.19807   0.22729

delta2 =

   0.0826363   0.0963931   0.0771123   0.0884866
  -0.2475470  -0.2887572  -0.2309991  -0.2650723
  -0.0106001  -0.0123648  -0.0098915  -0.0113506
   0.2506316   0.2923554   0.2338775   0.2683753
  -0.0623337  -0.0727107  -0.0581668  -0.0667467

delta2 =

   0.0963931   0.0771123   0.0884866
  -0.2887572  -0.2309991  -0.2650723
  -0.0123648  -0.0098915  -0.0113506
   0.2923554   0.2338775   0.2683753
  -0.0727107  -0.0581668  -0.0667467

test =

  -0.078627
  -0.062900
  -0.072178

ans =

   3   1

delta3 =

   0.49396
   0.22934
   0.73748
  -0.41282

gz =

   0.74237   0.49609   0.26013   0.70799

g =

   0.19126   0.24998   0.19246   0.20674

delta2 =

  -0.011894  -0.015547  -0.011969  -0.012857
   0.102091   0.133440   0.102734   0.110356
  -0.017814  -0.023284  -0.017926  -0.019256
  -0.096907  -0.126664  -0.097517  -0.104752
   0.046014   0.060144   0.046304   0.049739

delta2 =

  -0.015547  -0.011969  -0.012857
   0.133440   0.102734   0.110356
  -0.023284  -0.017926  -0.019256
  -0.126664  -0.097517  -0.104752
   0.060144   0.046304   0.049739

test =

   0.081597
   0.062821
   0.067481

ans =

   3   1

delta3 =

  -0.50572
   0.22449
   0.74167
   0.58950

gz =

   0.74972   0.47904   0.26360   0.71888

g =

   0.18764   0.24956   0.19412   0.20209

delta2 =

   0.029897   0.039763   0.030929   0.032199
   0.128899   0.171437   0.133350   0.138827
  -0.067406  -0.089651  -0.069734  -0.072598
  -0.109283  -0.145348  -0.113057  -0.117701
   0.099208   0.131947   0.102633   0.106849

delta2 =

   0.039763   0.030929   0.032199
   0.171437   0.133350   0.138827
  -0.089651  -0.069734  -0.072598
  -0.145348  -0.113057  -0.117701
   0.131947   0.102633   0.106849

test =

   0.18189
   0.14148
   0.14729

ans =

   3   1

delta3 =

   0.50480
  -0.76334
   0.72221
   0.59287

gz =

   0.71113   0.51368   0.27960   0.67546

g =

   0.20542   0.24981   0.20142   0.21921

delta2 =

   0.345167   0.419753   0.338447   0.368338
  -0.053069  -0.064536  -0.052036  -0.056632
  -0.329723  -0.400973  -0.323305  -0.351858
   0.149018   0.181220   0.146118   0.159022
   0.286359   0.348238   0.280785   0.305583

delta2 =

   0.419753   0.338447   0.368338
  -0.064536  -0.052036  -0.056632
  -0.400973  -0.323305  -0.351858
   0.181220   0.146118   0.159022
   0.348238   0.280785   0.305583

test =

   0.45378
   0.36588
   0.39820

ans =

   3   1

delta3 =

   0.51712
   0.25637
  -0.30623
   0.59490

gz =

   0.65701   0.56778   0.29379   0.61234

g =

   0.22535   0.24541   0.20748   0.23738

delta2 =

   0.0872615   0.0950290   0.0803420   0.0919205
  -0.2703854  -0.2944537  -0.2489448  -0.2848218
  -0.0085793  -0.0093430  -0.0078990  -0.0090374
   0.2728820   0.2971725   0.2512434   0.2874516
  -0.0708294  -0.0771342  -0.0652129  -0.0746111

delta2 =

   0.0950290   0.0803420   0.0919205
  -0.2944537  -0.2489448  -0.2848218
  -0.0093430  -0.0078990  -0.0090374
   0.2971725   0.2512434   0.2874516
  -0.0771342  -0.0652129  -0.0746111

test =

  -0.063661
  -0.053822
  -0.061579

ans =

   3   1

delta3 =

   0.51915
   0.26477
   0.68425
  -0.40670

gz =

   0.63995   0.59141   0.29257   0.59027

g =

   0.23041   0.24164   0.20697   0.24185

delta2 =

  -0.0216895  -0.0227467  -0.0194830  -0.0227662
   0.1055392   0.1106837   0.0948028   0.1107785
  -0.0090224  -0.0094622  -0.0081046  -0.0094703
  -0.1029137  -0.1079302  -0.0924443  -0.1080227
   0.0389703   0.0408699   0.0350059   0.0409049

delta2 =

  -0.0227467  -0.0194830  -0.0227662
   0.1106837   0.0948028   0.1107785
  -0.0094622  -0.0081046  -0.0094703
  -0.1079302  -0.0924443  -0.1080227
   0.0408699   0.0350059   0.0409049

test =

   0.035036
   0.030009
   0.035066

ans =

   3   1

delta3 =

  -0.49160
   0.25317
   0.70407
   0.58914

gz =

   0.67812   0.56379   0.27714   0.63213

g =

   0.21827   0.24593   0.20033   0.23254

delta2 =

   0.027857   0.031387   0.025567   0.029678
   0.139775   0.157487   0.128288   0.148913
  -0.068531  -0.077215  -0.062899  -0.073012
  -0.119833  -0.135017  -0.109984  -0.127667
   0.103403   0.116505   0.094905   0.110163

delta2 =

   0.031387   0.025567   0.029678
   0.157487   0.128288   0.148913
  -0.077215  -0.062899  -0.073012
  -0.135017  -0.109984  -0.127667
   0.116505   0.094905   0.110163

test =

   0.13088
   0.10661
   0.12375

ans =

   3   1

delta3 =

   0.49601
  -0.76637
   0.73197
   0.58705

gz =

   0.73179   0.50930   0.26218   0.69507

g =

   0.19627   0.24991   0.19344   0.21195

delta2 =

   0.329135   0.419082   0.324385   0.355414
  -0.046531  -0.059247  -0.045859  -0.050246
  -0.315595  -0.401841  -0.311040  -0.340793
   0.138369   0.176183   0.136372   0.149417
   0.275329   0.350572   0.271355   0.297312

delta2 =

   0.419082   0.324385   0.355414
  -0.059247  -0.045859  -0.050246
  -0.401841  -0.311040  -0.340793
   0.176183   0.136372   0.149417
   0.350572   0.271355   0.297312

test =

   0.46093
   0.35678
   0.39091

ans =

   3   1

delta3 =

   0.49299
   0.22406
  -0.25695
   0.58864

gz =

   0.75271   0.47836   0.26096   0.72173

g =

   0.18614   0.24953   0.19286   0.20084

delta2 =

   0.077329   0.103664   0.080120   0.083435
  -0.210064  -0.281604  -0.217646  -0.226651
  -0.016200  -0.021717  -0.016785  -0.017479
   0.214778   0.287924   0.222530   0.231737
  -0.046300  -0.062069  -0.047972  -0.049956

delta2 =

   0.103664   0.080120   0.083435
  -0.281604  -0.217646  -0.226651
  -0.021717  -0.016785  -0.017479
   0.287924   0.222530   0.231737
  -0.062069  -0.047972  -0.049956

test =

  -0.088351
  -0.068285
  -0.071110

ans =

   3   1

delta3 =

   0.50113
   0.23177
   0.72965
  -0.40806

gz =

   0.72567   0.49974   0.27450   0.69210

g =

   0.19907   0.25000   0.19915   0.21310

delta2 =

  -0.011816  -0.014839  -0.011821  -0.012649
   0.102831   0.129137   0.102872   0.110076
  -0.018107  -0.022740  -0.018115  -0.019383
  -0.097562  -0.122520  -0.097600  -0.104435
   0.046498   0.058393   0.046516   0.049774

delta2 =

  -0.014839  -0.011821  -0.012649
   0.129137   0.102872   0.110076
  -0.022740  -0.018115  -0.019383
  -0.122520  -0.097600  -0.104435
   0.058393   0.046516   0.049774

test =

   0.074289
   0.059179
   0.063324

ans =

   3   1

delta3 =

  -0.48580
   0.25110
   0.70112
   0.59462

gz =

   0.67078   0.55360   0.29094   0.62860

g =

   0.22083   0.24713   0.20629   0.23346

delta2 =

   0.030055   0.033633   0.028076   0.031773
   0.138737   0.155255   0.129601   0.146670
  -0.070427  -0.078812  -0.065789  -0.074454
  -0.118243  -0.132321  -0.110456  -0.125004
   0.104836   0.117318   0.097932   0.110831

delta2 =

   0.033633   0.028076   0.031773
   0.155255   0.129601   0.146670
  -0.078812  -0.065789  -0.074454
  -0.132321  -0.110456  -0.125004
   0.117318   0.097932   0.110831

test =

   0.12939
   0.10801
   0.12224

ans =

   3   1

Theta1 =

   0.84147   0.41212  -0.96140
   0.14112  -0.99999   0.14988
  -0.95892   0.42017   0.83666
   0.65699   0.65029  -0.84622

ans =

   0.14112  -0.95892   0.65699   0.41212  -0.99999   0.42017   0.65029  -0.96140   0.14988   0.83666  -0.84622

ans =

   0.708073   0.169842   0.924285
   0.019915   0.999980   0.022463
   0.919536   0.176540   0.699993
   0.431631   0.422874   0.716089

ans =

  2.9193e-001  8.3016e-001  7.5715e-002  9.8248e-001  1.7627e-004
  9.8009e-001  1.9587e-005  9.7754e-001  8.5345e-002  8.1666e-001
  8.0464e-002  8.2346e-001  3.0001e-001  5.5959e-001  5.8586e-001
  5.6837e-001  5.7713e-001  2.8391e-001  8.3675e-001  7.1098e-002

dt =

   0   0   0
   0   0   0
   0   0   0
   0   0   0
   0   0   0
   0   0   0
   0   0   0
   0   0   0
   0   0   0
   0   0   0
   0   0   0
   0   0   0
   0   0   0
   0   0   0
   0   0   0
   0   0   0

delta3 =

   0.49283
  -0.77378
   0.74120
   0.58760

gz =

   0.74945   0.48601   0.25940   0.71690

g =

   0.18777   0.24980   0.19211   0.20295

delta2 =

   0.316505   0.421060   0.323816   0.342091
  -0.042483  -0.056517  -0.043465  -0.045918
  -0.304142  -0.404613  -0.311168  -0.328729
   0.130989   0.174260   0.134014   0.141578
   0.266024   0.353903   0.272170   0.287530

delta2 =

   0.421060   0.323816   0.342091
  -0.056517  -0.043465  -0.045918
  -0.404613  -0.311168  -0.328729
   0.174260   0.134014   0.141578
   0.353903   0.272170   0.287530

test =

   0.48097
   0.36989
   0.39077

ans =

   3   1

delta3 =

   0.49644
   0.22636
  -0.26171
   0.59045

gz =

   0.74285   0.48419   0.26734   0.71143

g =

   0.19103   0.24975   0.19587   0.20530

delta2 =

   0.079284   0.103657   0.081293   0.085207
  -0.217266  -0.284058  -0.222774  -0.233498
  -0.016059  -0.020996  -0.016466  -0.017259
   0.221939   0.290168   0.227565   0.238520
  -0.048525  -0.063443  -0.049755  -0.052151

delta2 =

   0.103657   0.081293   0.085207
  -0.284058  -0.222774  -0.233498
  -0.020996  -0.016466  -0.017259
   0.290168   0.227565   0.238520
  -0.063443  -0.049755  -0.052151

test =

  -0.085083
  -0.066727
  -0.069939

ans =

   3   1

delta3 =

   0.50865
   0.24224
   0.71393
  -0.40631

gz =

   0.69515   0.52931   0.28455   0.65700

g =

   0.21192   0.24914   0.20358   0.22535

delta2 =

  -0.014578  -0.017138  -0.014004  -0.015502
   0.104719   0.123112   0.100600   0.111356
  -0.015896  -0.018687  -0.015270  -0.016903
  -0.100093  -0.117674  -0.096156  -0.106437
   0.045023   0.052931   0.043252   0.047876

delta2 =

  -0.017138  -0.014004  -0.015502
   0.123112   0.100600   0.111356
  -0.018687  -0.015270  -0.016903
  -0.117674  -0.096156  -0.106437
   0.052931   0.043252   0.047876

test =

   0.059842
   0.048899
   0.054128

ans =

   3   1

delta3 =

  -0.48085
   0.26066
   0.68807
   0.59487

gz =

   0.64647   0.57929   0.29530   0.59966

g =

   0.22855   0.24371   0.20810   0.24007

delta2 =

   0.028752   0.030660   0.026180   0.030201
   0.139810   0.149088   0.127302   0.146858
  -0.069437  -0.074045  -0.063224  -0.072937
  -0.119604  -0.127541  -0.108904  -0.125634
   0.104242   0.111159   0.094916   0.109496

delta2 =

   0.030660   0.026180   0.030201
   0.149088   0.127302   0.146858
  -0.074045  -0.063224  -0.072937
  -0.127541  -0.108904  -0.125634
   0.111159   0.094916   0.109496

test =

   0.113142
   0.096608
   0.111449

ans =

   3   1

delta3 =

   0.51710
  -0.73666
   0.68735
   0.59220

gz =

   0.64601   0.58855   0.28915   0.59644

g =

   0.22868   0.24216   0.20554   0.24070

delta2 =

   0.377350   0.399591   0.339171   0.397181
  -0.068734  -0.072785  -0.061779  -0.072346
  -0.357348  -0.378410  -0.321193  -0.376129
   0.172722   0.182902   0.155247   0.181799
   0.307086   0.325186   0.276016   0.323225

delta2 =

   0.399591   0.339171   0.397181
  -0.072785  -0.061779  -0.072346
  -0.378410  -0.321193  -0.376129
   0.182902   0.155247   0.181799
   0.325186   0.276016   0.323225

test =

   0.37670
   0.31974
   0.37443

ans =

   3   1

delta3 =

   0.50444
   0.24757
  -0.28752
   0.58816

gz =

   0.69427   0.54903   0.27212   0.65071

g =

   0.21226   0.24760   0.19807   0.22729

delta2 =

   0.0826363   0.0963931   0.0771123   0.0884866
  -0.2475470  -0.2887572  -0.2309991  -0.2650723
  -0.0106001  -0.0123648  -0.0098915  -0.0113506
   0.2506316   0.2923554   0.2338775   0.2683753
  -0.0623337  -0.0727107  -0.0581668  -0.0667467

delta2 =

   0.0963931   0.0771123   0.0884866
  -0.2887572  -0.2309991  -0.2650723
  -0.0123648  -0.0098915  -0.0113506
   0.2923554   0.2338775   0.2683753
  -0.0727107  -0.0581668  -0.0667467

test =

  -0.078627
  -0.062900
  -0.072178

ans =

   3   1

delta3 =

   0.49396
   0.22934
   0.73748
  -0.41282

gz =

   0.74237   0.49609   0.26013   0.70799

g =

   0.19126   0.24998   0.19246   0.20674

delta2 =

  -0.011894  -0.015547  -0.011969  -0.012857
   0.102091   0.133440   0.102734   0.110356
  -0.017814  -0.023284  -0.017926  -0.019256
  -0.096907  -0.126664  -0.097517  -0.104752
   0.046014   0.060144   0.046304   0.049739

delta2 =

  -0.015547  -0.011969  -0.012857
   0.133440   0.102734   0.110356
  -0.023284  -0.017926  -0.019256
  -0.126664  -0.097517  -0.104752
   0.060144   0.046304   0.049739

test =

   0.081597
   0.062821
   0.067481

ans =

   3   1

delta3 =

  -0.50572
   0.22449
   0.74167
   0.58950

gz =

   0.74972   0.47904   0.26360   0.71888

g =

   0.18764   0.24956   0.19412   0.20209

delta2 =

   0.029897   0.039763   0.030929   0.032199
   0.128899   0.171437   0.133350   0.138827
  -0.067406  -0.089651  -0.069734  -0.072598
  -0.109283  -0.145348  -0.113057  -0.117701
   0.099208   0.131947   0.102633   0.106849

delta2 =

   0.039763   0.030929   0.032199
   0.171437   0.133350   0.138827
  -0.089651  -0.069734  -0.072598
  -0.145348  -0.113057  -0.117701
   0.131947   0.102633   0.106849

test =

   0.18189
   0.14148
   0.14729

ans =

   3   1

delta3 =

   0.50480
  -0.76334
   0.72221
   0.59287

gz =

   0.71113   0.51368   0.27960   0.67546

g =

   0.20542   0.24981   0.20142   0.21921

delta2 =

   0.345167   0.419753   0.338447   0.368338
  -0.053069  -0.064536  -0.052036  -0.056632
  -0.329723  -0.400973  -0.323305  -0.351858
   0.149018   0.181220   0.146118   0.159022
   0.286359   0.348238   0.280785   0.305583

delta2 =

   0.419753   0.338447   0.368338
  -0.064536  -0.052036  -0.056632
  -0.400973  -0.323305  -0.351858
   0.181220   0.146118   0.159022
   0.348238   0.280785   0.305583

test =

   0.45378
   0.36588
   0.39820

ans =

   3   1

delta3 =

   0.51712
   0.25637
  -0.30623
   0.59490

gz =

   0.65701   0.56778   0.29379   0.61234

g =

   0.22535   0.24541   0.20748   0.23738

delta2 =

   0.0872615   0.0950290   0.0803420   0.0919205
  -0.2703854  -0.2944537  -0.2489448  -0.2848218
  -0.0085793  -0.0093430  -0.0078990  -0.0090374
   0.2728820   0.2971725   0.2512434   0.2874516
  -0.0708294  -0.0771342  -0.0652129  -0.0746111

delta2 =

   0.0950290   0.0803420   0.0919205
  -0.2944537  -0.2489448  -0.2848218
  -0.0093430  -0.0078990  -0.0090374
   0.2971725   0.2512434   0.2874516
  -0.0771342  -0.0652129  -0.0746111

test =

  -0.063661
  -0.053822
  -0.061579

ans =

   3   1

delta3 =

   0.51915
   0.26477
   0.68425
  -0.40670

gz =

   0.63995   0.59141   0.29257   0.59027

g =

   0.23041   0.24164   0.20697   0.24185

delta2 =

  -0.0216895  -0.0227467  -0.0194830  -0.0227662
   0.1055392   0.1106837   0.0948028   0.1107785
  -0.0090224  -0.0094622  -0.0081046  -0.0094703
  -0.1029137  -0.1079302  -0.0924443  -0.1080227
   0.0389703   0.0408699   0.0350059   0.0409049

delta2 =

  -0.0227467  -0.0194830  -0.0227662
   0.1106837   0.0948028   0.1107785
  -0.0094622  -0.0081046  -0.0094703
  -0.1079302  -0.0924443  -0.1080227
   0.0408699   0.0350059   0.0409049

test =

   0.035036
   0.030009
   0.035066

ans =

   3   1

delta3 =

  -0.49160
   0.25317
   0.70407
   0.58914

gz =

   0.67812   0.56379   0.27714   0.63213

g =

   0.21827   0.24593   0.20033   0.23254

delta2 =

   0.027857   0.031387   0.025567   0.029678
   0.139775   0.157487   0.128288   0.148913
  -0.068531  -0.077215  -0.062899  -0.073012
  -0.119833  -0.135017  -0.109984  -0.127667
   0.103403   0.116505   0.094905   0.110163

delta2 =

   0.031387   0.025567   0.029678
   0.157487   0.128288   0.148913
  -0.077215  -0.062899  -0.073012
  -0.135017  -0.109984  -0.127667
   0.116505   0.094905   0.110163

test =

   0.13088
   0.10661
   0.12375

ans =

   3   1

delta3 =

   0.49601
  -0.76637
   0.73197
   0.58705

gz =

   0.73179   0.50930   0.26218   0.69507

g =

   0.19627   0.24991   0.19344   0.21195

delta2 =

   0.329135   0.419082   0.324385   0.355414
  -0.046531  -0.059247  -0.045859  -0.050246
  -0.315595  -0.401841  -0.311040  -0.340793
   0.138369   0.176183   0.136372   0.149417
   0.275329   0.350572   0.271355   0.297312

delta2 =

   0.419082   0.324385   0.355414
  -0.059247  -0.045859  -0.050246
  -0.401841  -0.311040  -0.340793
   0.176183   0.136372   0.149417
   0.350572   0.271355   0.297312

test =

   0.46093
   0.35678
   0.39091

ans =

   3   1

delta3 =

   0.49299
   0.22406
  -0.25695
   0.58864

gz =

   0.75271   0.47836   0.26096   0.72173

g =

   0.18614   0.24953   0.19286   0.20084

delta2 =

   0.077329   0.103664   0.080120   0.083435
  -0.210064  -0.281604  -0.217646  -0.226651
  -0.016200  -0.021717  -0.016785  -0.017479
   0.214778   0.287924   0.222530   0.231737
  -0.046300  -0.062069  -0.047972  -0.049956

delta2 =

   0.103664   0.080120   0.083435
  -0.281604  -0.217646  -0.226651
  -0.021717  -0.016785  -0.017479
   0.287924   0.222530   0.231737
  -0.062069  -0.047972  -0.049956

test =

  -0.088351
  -0.068285
  -0.071110

ans =

   3   1

delta3 =

   0.50113
   0.23177
   0.72965
  -0.40806

gz =

   0.72567   0.49974   0.27450   0.69210

g =

   0.19907   0.25000   0.19915   0.21310

delta2 =

  -0.011816  -0.014839  -0.011821  -0.012649
   0.102831   0.129137   0.102872   0.110076
  -0.018107  -0.022740  -0.018115  -0.019383
  -0.097562  -0.122520  -0.097600  -0.104435
   0.046498   0.058393   0.046516   0.049774

delta2 =

  -0.014839  -0.011821  -0.012649
   0.129137   0.102872   0.110076
  -0.022740  -0.018115  -0.019383
  -0.122520  -0.097600  -0.104435
   0.058393   0.046516   0.049774

test =

   0.074289
   0.059179
   0.063324

ans =

   3   1

delta3 =

  -0.48580
   0.25110
   0.70112
   0.59462

gz =

   0.67078   0.55360   0.29094   0.62860

g =

   0.22083   0.24713   0.20629   0.23346

delta2 =

   0.030055   0.033633   0.028076   0.031773
   0.138737   0.155255   0.129601   0.146670
  -0.070427  -0.078812  -0.065789  -0.074454
  -0.118243  -0.132321  -0.110456  -0.125004
   0.104836   0.117318   0.097932   0.110831

delta2 =

   0.033633   0.028076   0.031773
   0.155255   0.129601   0.146670
  -0.078812  -0.065789  -0.074454
  -0.132321  -0.110456  -0.125004
   0.117318   0.097932   0.110831

test =

   0.12939
   0.10801
   0.12224

ans =

   3   1

gz =

   0.925836   0.093604   0.877714   0.163548   0.779112   0.296565   0.610552   0.493362   0.402020   0.692688
   0.938653   0.053314   0.951111   0.047427   0.951285   0.052941   0.939280   0.073192   0.907851   0.120162
   0.604287   0.301904   0.774929   0.166628   0.875541   0.095094   0.924838   0.061993   0.946299   0.049075

g =

   0.068664   0.084842   0.107332   0.136800   0.172096   0.208614   0.237778   0.249956   0.240400   0.212871
   0.057584   0.050471   0.046499   0.045178   0.046342   0.050138   0.057033   0.067835   0.083657   0.105723
   0.239124   0.210758   0.174414   0.138863   0.108969   0.086051   0.069513   0.058150   0.050817   0.046666

Theta1 =

   0.84147   0.41212  -0.96140
   0.14112  -0.99999   0.14988
  -0.95892   0.42017   0.83666
   0.65699   0.65029  -0.84622

ans =

   0.14112  -0.95892   0.65699   0.41212  -0.99999   0.42017   0.65029  -0.96140   0.14988   0.83666  -0.84622

ans =

   0.708073   0.169842   0.924285
   0.019915   0.999980   0.022463
   0.919536   0.176540   0.699993
   0.431631   0.422874   0.716089

ans =

  2.9193e-001  8.3016e-001  7.5715e-002  9.8248e-001  1.7627e-004
  9.8009e-001  1.9587e-005  9.7754e-001  8.5345e-002  8.1666e-001
  8.0464e-002  8.2346e-001  3.0001e-001  5.5959e-001  5.8586e-001
  5.6837e-001  5.7713e-001  2.8391e-001  8.3675e-001  7.1098e-002

dt =

   0   0   0
   0   0   0
   0   0   0
   0   0   0
   0   0   0
   0   0   0
   0   0   0
   0   0   0
   0   0   0
   0   0   0
   0   0   0
   0   0   0
   0   0   0
   0   0   0
   0   0   0
   0   0   0

delta3 =

   0.49283
  -0.77378
   0.74120
   0.58760

gz =

   0.74945   0.48601   0.25940   0.71690

g =

   0.18777   0.24980   0.19211   0.20295

delta2 =

   0.316505   0.421060   0.323816   0.342091
  -0.042483  -0.056517  -0.043465  -0.045918
  -0.304142  -0.404613  -0.311168  -0.328729
   0.130989   0.174260   0.134014   0.141578
   0.266024   0.353903   0.272170   0.287530

delta2 =

   0.421060   0.323816   0.342091
  -0.056517  -0.043465  -0.045918
  -0.404613  -0.311168  -0.328729
   0.174260   0.134014   0.141578
   0.353903   0.272170   0.287530

test =

   0.48097
   0.36989
   0.39077

ans =

   3   1

delta3 =

   0.49644
   0.22636
  -0.26171
   0.59045

gz =

   0.74285   0.48419   0.26734   0.71143

g =

   0.19103   0.24975   0.19587   0.20530

delta2 =

   0.079284   0.103657   0.081293   0.085207
  -0.217266  -0.284058  -0.222774  -0.233498
  -0.016059  -0.020996  -0.016466  -0.017259
   0.221939   0.290168   0.227565   0.238520
  -0.048525  -0.063443  -0.049755  -0.052151

delta2 =

   0.103657   0.081293   0.085207
  -0.284058  -0.222774  -0.233498
  -0.020996  -0.016466  -0.017259
   0.290168   0.227565   0.238520
  -0.063443  -0.049755  -0.052151

test =

  -0.085083
  -0.066727
  -0.069939

ans =

   3   1

delta3 =

   0.50865
   0.24224
   0.71393
  -0.40631

gz =

   0.69515   0.52931   0.28455   0.65700

g =

   0.21192   0.24914   0.20358   0.22535

delta2 =

  -0.014578  -0.017138  -0.014004  -0.015502
   0.104719   0.123112   0.100600   0.111356
  -0.015896  -0.018687  -0.015270  -0.016903
  -0.100093  -0.117674  -0.096156  -0.106437
   0.045023   0.052931   0.043252   0.047876

delta2 =

  -0.017138  -0.014004  -0.015502
   0.123112   0.100600   0.111356
  -0.018687  -0.015270  -0.016903
  -0.117674  -0.096156  -0.106437
   0.052931   0.043252   0.047876

test =

   0.059842
   0.048899
   0.054128

ans =

   3   1

delta3 =

  -0.48085
   0.26066
   0.68807
   0.59487

gz =

   0.64647   0.57929   0.29530   0.59966

g =

   0.22855   0.24371   0.20810   0.24007

delta2 =

   0.028752   0.030660   0.026180   0.030201
   0.139810   0.149088   0.127302   0.146858
  -0.069437  -0.074045  -0.063224  -0.072937
  -0.119604  -0.127541  -0.108904  -0.125634
   0.104242   0.111159   0.094916   0.109496

delta2 =

   0.030660   0.026180   0.030201
   0.149088   0.127302   0.146858
  -0.074045  -0.063224  -0.072937
  -0.127541  -0.108904  -0.125634
   0.111159   0.094916   0.109496

test =

   0.113142
   0.096608
   0.111449

ans =

   3   1

delta3 =

   0.51710
  -0.73666
   0.68735
   0.59220

gz =

   0.64601   0.58855   0.28915   0.59644

g =

   0.22868   0.24216   0.20554   0.24070

delta2 =

   0.377350   0.399591   0.339171   0.397181
  -0.068734  -0.072785  -0.061779  -0.072346
  -0.357348  -0.378410  -0.321193  -0.376129
   0.172722   0.182902   0.155247   0.181799
   0.307086   0.325186   0.276016   0.323225

delta2 =

   0.399591   0.339171   0.397181
  -0.072785  -0.061779  -0.072346
  -0.378410  -0.321193  -0.376129
   0.182902   0.155247   0.181799
   0.325186   0.276016   0.323225

test =

   0.37670
   0.31974
   0.37443

ans =

   3   1

delta3 =

   0.50444
   0.24757
  -0.28752
   0.58816

gz =

   0.69427   0.54903   0.27212   0.65071

g =

   0.21226   0.24760   0.19807   0.22729

delta2 =

   0.0826363   0.0963931   0.0771123   0.0884866
  -0.2475470  -0.2887572  -0.2309991  -0.2650723
  -0.0106001  -0.0123648  -0.0098915  -0.0113506
   0.2506316   0.2923554   0.2338775   0.2683753
  -0.0623337  -0.0727107  -0.0581668  -0.0667467

delta2 =

   0.0963931   0.0771123   0.0884866
  -0.2887572  -0.2309991  -0.2650723
  -0.0123648  -0.0098915  -0.0113506
   0.2923554   0.2338775   0.2683753
  -0.0727107  -0.0581668  -0.0667467

test =

  -0.078627
  -0.062900
  -0.072178

ans =

   3   1

delta3 =

   0.49396
   0.22934
   0.73748
  -0.41282

gz =

   0.74237   0.49609   0.26013   0.70799

g =

   0.19126   0.24998   0.19246   0.20674

delta2 =

  -0.011894  -0.015547  -0.011969  -0.012857
   0.102091   0.133440   0.102734   0.110356
  -0.017814  -0.023284  -0.017926  -0.019256
  -0.096907  -0.126664  -0.097517  -0.104752
   0.046014   0.060144   0.046304   0.049739

delta2 =

  -0.015547  -0.011969  -0.012857
   0.133440   0.102734   0.110356
  -0.023284  -0.017926  -0.019256
  -0.126664  -0.097517  -0.104752
   0.060144   0.046304   0.049739

test =

   0.081597
   0.062821
   0.067481

ans =

   3   1

delta3 =

  -0.50572
   0.22449
   0.74167
   0.58950

gz =

   0.74972   0.47904   0.26360   0.71888

g =

   0.18764   0.24956   0.19412   0.20209

delta2 =

   0.029897   0.039763   0.030929   0.032199
   0.128899   0.171437   0.133350   0.138827
  -0.067406  -0.089651  -0.069734  -0.072598
  -0.109283  -0.145348  -0.113057  -0.117701
   0.099208   0.131947   0.102633   0.106849

delta2 =

   0.039763   0.030929   0.032199
   0.171437   0.133350   0.138827
  -0.089651  -0.069734  -0.072598
  -0.145348  -0.113057  -0.117701
   0.131947   0.102633   0.106849

test =

   0.18189
   0.14148
   0.14729

ans =

   3   1

delta3 =

   0.50480
  -0.76334
   0.72221
   0.59287

gz =

   0.71113   0.51368   0.27960   0.67546

g =

   0.20542   0.24981   0.20142   0.21921

delta2 =

   0.345167   0.419753   0.338447   0.368338
  -0.053069  -0.064536  -0.052036  -0.056632
  -0.329723  -0.400973  -0.323305  -0.351858
   0.149018   0.181220   0.146118   0.159022
   0.286359   0.348238   0.280785   0.305583

delta2 =

   0.419753   0.338447   0.368338
  -0.064536  -0.052036  -0.056632
  -0.400973  -0.323305  -0.351858
   0.181220   0.146118   0.159022
   0.348238   0.280785   0.305583

test =

   0.45378
   0.36588
   0.39820

ans =

   3   1

delta3 =

   0.51712
   0.25637
  -0.30623
   0.59490

gz =

   0.65701   0.56778   0.29379   0.61234

g =

   0.22535   0.24541   0.20748   0.23738

delta2 =

   0.0872615   0.0950290   0.0803420   0.0919205
  -0.2703854  -0.2944537  -0.2489448  -0.2848218
  -0.0085793  -0.0093430  -0.0078990  -0.0090374
   0.2728820   0.2971725   0.2512434   0.2874516
  -0.0708294  -0.0771342  -0.0652129  -0.0746111

delta2 =

   0.0950290   0.0803420   0.0919205
  -0.2944537  -0.2489448  -0.2848218
  -0.0093430  -0.0078990  -0.0090374
   0.2971725   0.2512434   0.2874516
  -0.0771342  -0.0652129  -0.0746111

test =

  -0.063661
  -0.053822
  -0.061579

ans =

   3   1

delta3 =

   0.51915
   0.26477
   0.68425
  -0.40670

gz =

   0.63995   0.59141   0.29257   0.59027

g =

   0.23041   0.24164   0.20697   0.24185

delta2 =

  -0.0216895  -0.0227467  -0.0194830  -0.0227662
   0.1055392   0.1106837   0.0948028   0.1107785
  -0.0090224  -0.0094622  -0.0081046  -0.0094703
  -0.1029137  -0.1079302  -0.0924443  -0.1080227
   0.0389703   0.0408699   0.0350059   0.0409049

delta2 =

  -0.0227467  -0.0194830  -0.0227662
   0.1106837   0.0948028   0.1107785
  -0.0094622  -0.0081046  -0.0094703
  -0.1079302  -0.0924443  -0.1080227
   0.0408699   0.0350059   0.0409049

test =

   0.035036
   0.030009
   0.035066

ans =

   3   1

delta3 =

  -0.49160
   0.25317
   0.70407
   0.58914

gz =

   0.67812   0.56379   0.27714   0.63213

g =

   0.21827   0.24593   0.20033   0.23254

delta2 =

   0.027857   0.031387   0.025567   0.029678
   0.139775   0.157487   0.128288   0.148913
  -0.068531  -0.077215  -0.062899  -0.073012
  -0.119833  -0.135017  -0.109984  -0.127667
   0.103403   0.116505   0.094905   0.110163

delta2 =

   0.031387   0.025567   0.029678
   0.157487   0.128288   0.148913
  -0.077215  -0.062899  -0.073012
  -0.135017  -0.109984  -0.127667
   0.116505   0.094905   0.110163

test =

   0.13088
   0.10661
   0.12375

ans =

   3   1

delta3 =

   0.49601
  -0.76637
   0.73197
   0.58705

gz =

   0.73179   0.50930   0.26218   0.69507

g =

   0.19627   0.24991   0.19344   0.21195

delta2 =

   0.329135   0.419082   0.324385   0.355414
  -0.046531  -0.059247  -0.045859  -0.050246
  -0.315595  -0.401841  -0.311040  -0.340793
   0.138369   0.176183   0.136372   0.149417
   0.275329   0.350572   0.271355   0.297312

delta2 =

   0.419082   0.324385   0.355414
  -0.059247  -0.045859  -0.050246
  -0.401841  -0.311040  -0.340793
   0.176183   0.136372   0.149417
   0.350572   0.271355   0.297312

test =

   0.46093
   0.35678
   0.39091

ans =

   3   1

delta3 =

   0.49299
   0.22406
  -0.25695
   0.58864

gz =

   0.75271   0.47836   0.26096   0.72173

g =

   0.18614   0.24953   0.19286   0.20084

delta2 =

   0.077329   0.103664   0.080120   0.083435
  -0.210064  -0.281604  -0.217646  -0.226651
  -0.016200  -0.021717  -0.016785  -0.017479
   0.214778   0.287924   0.222530   0.231737
  -0.046300  -0.062069  -0.047972  -0.049956

delta2 =

   0.103664   0.080120   0.083435
  -0.281604  -0.217646  -0.226651
  -0.021717  -0.016785  -0.017479
   0.287924   0.222530   0.231737
  -0.062069  -0.047972  -0.049956

test =

  -0.088351
  -0.068285
  -0.071110

ans =

   3   1

delta3 =

   0.50113
   0.23177
   0.72965
  -0.40806

gz =

   0.72567   0.49974   0.27450   0.69210

g =

   0.19907   0.25000   0.19915   0.21310

delta2 =

  -0.011816  -0.014839  -0.011821  -0.012649
   0.102831   0.129137   0.102872   0.110076
  -0.018107  -0.022740  -0.018115  -0.019383
  -0.097562  -0.122520  -0.097600  -0.104435
   0.046498   0.058393   0.046516   0.049774

delta2 =

  -0.014839  -0.011821  -0.012649
   0.129137   0.102872   0.110076
  -0.022740  -0.018115  -0.019383
  -0.122520  -0.097600  -0.104435
   0.058393   0.046516   0.049774

test =

   0.074289
   0.059179
   0.063324

ans =

   3   1

delta3 =

  -0.48580
   0.25110
   0.70112
   0.59462

gz =

   0.67078   0.55360   0.29094   0.62860

g =

   0.22083   0.24713   0.20629   0.23346

delta2 =

   0.030055   0.033633   0.028076   0.031773
   0.138737   0.155255   0.129601   0.146670
  -0.070427  -0.078812  -0.065789  -0.074454
  -0.118243  -0.132321  -0.110456  -0.125004
   0.104836   0.117318   0.097932   0.110831

delta2 =

   0.033633   0.028076   0.031773
   0.155255   0.129601   0.146670
  -0.078812  -0.065789  -0.074454
  -0.132321  -0.110456  -0.125004
   0.117318   0.097932   0.110831

test =

   0.12939
   0.10801
   0.12224

ans =

   3   1

Theta1 =

   0.84147   0.41212  -0.96140
   0.14112  -0.99999   0.14988
  -0.95892   0.42017   0.83666
   0.65699   0.65029  -0.84622

ans =

   0.14112  -0.95892   0.65699   0.41212  -0.99999   0.42017   0.65029  -0.96140   0.14988   0.83666  -0.84622

ans =

   0.708073   0.169842   0.924285
   0.019915   0.999980   0.022463
   0.919536   0.176540   0.699993
   0.431631   0.422874   0.716089

ans =

  2.9193e-001  8.3016e-001  7.5715e-002  9.8248e-001  1.7627e-004
  9.8009e-001  1.9587e-005  9.7754e-001  8.5345e-002  8.1666e-001
  8.0464e-002  8.2346e-001  3.0001e-001  5.5959e-001  5.8586e-001
  5.6837e-001  5.7713e-001  2.8391e-001  8.3675e-001  7.1098e-002

dt =

   0   0   0
   0   0   0
   0   0   0
   0   0   0
   0   0   0
   0   0   0
   0   0   0
   0   0   0
   0   0   0
   0   0   0
   0   0   0
   0   0   0
   0   0   0
   0   0   0
   0   0   0
   0   0   0

delta3 =

   0.49283
  -0.77378
   0.74120
   0.58760

gz =

   0.74945   0.48601   0.25940   0.71690

g =

   0.18777   0.24980   0.19211   0.20295

delta2 =

   0.316505   0.421060   0.323816   0.342091
  -0.042483  -0.056517  -0.043465  -0.045918
  -0.304142  -0.404613  -0.311168  -0.328729
   0.130989   0.174260   0.134014   0.141578
   0.266024   0.353903   0.272170   0.287530

delta2 =

   0.421060   0.323816   0.342091
  -0.056517  -0.043465  -0.045918
  -0.404613  -0.311168  -0.328729
   0.174260   0.134014   0.141578
   0.353903   0.272170   0.287530

test =

   0.48097
   0.36989
   0.39077

ans =

   3   1

delta3 =

   0.49644
   0.22636
  -0.26171
   0.59045

gz =

   0.74285   0.48419   0.26734   0.71143

g =

   0.19103   0.24975   0.19587   0.20530

delta2 =

   0.079284   0.103657   0.081293   0.085207
  -0.217266  -0.284058  -0.222774  -0.233498
  -0.016059  -0.020996  -0.016466  -0.017259
   0.221939   0.290168   0.227565   0.238520
  -0.048525  -0.063443  -0.049755  -0.052151

delta2 =

   0.103657   0.081293   0.085207
  -0.284058  -0.222774  -0.233498
  -0.020996  -0.016466  -0.017259
   0.290168   0.227565   0.238520
  -0.063443  -0.049755  -0.052151

test =

  -0.085083
  -0.066727
  -0.069939

ans =

   3   1

delta3 =

   0.50865
   0.24224
   0.71393
  -0.40631

gz =

   0.69515   0.52931   0.28455   0.65700

g =

   0.21192   0.24914   0.20358   0.22535

delta2 =

  -0.014578  -0.017138  -0.014004  -0.015502
   0.104719   0.123112   0.100600   0.111356
  -0.015896  -0.018687  -0.015270  -0.016903
  -0.100093  -0.117674  -0.096156  -0.106437
   0.045023   0.052931   0.043252   0.047876

delta2 =

  -0.017138  -0.014004  -0.015502
   0.123112   0.100600   0.111356
  -0.018687  -0.015270  -0.016903
  -0.117674  -0.096156  -0.106437
   0.052931   0.043252   0.047876

test =

   0.059842
   0.048899
   0.054128

ans =

   3   1

delta3 =

  -0.48085
   0.26066
   0.68807
   0.59487

gz =

   0.64647   0.57929   0.29530   0.59966

g =

   0.22855   0.24371   0.20810   0.24007

delta2 =

   0.028752   0.030660   0.026180   0.030201
   0.139810   0.149088   0.127302   0.146858
  -0.069437  -0.074045  -0.063224  -0.072937
  -0.119604  -0.127541  -0.108904  -0.125634
   0.104242   0.111159   0.094916   0.109496

delta2 =

   0.030660   0.026180   0.030201
   0.149088   0.127302   0.146858
  -0.074045  -0.063224  -0.072937
  -0.127541  -0.108904  -0.125634
   0.111159   0.094916   0.109496

test =

   0.113142
   0.096608
   0.111449

ans =

   3   1

delta3 =

   0.51710
  -0.73666
   0.68735
   0.59220

gz =

   0.64601   0.58855   0.28915   0.59644

g =

   0.22868   0.24216   0.20554   0.24070

delta2 =

   0.377350   0.399591   0.339171   0.397181
  -0.068734  -0.072785  -0.061779  -0.072346
  -0.357348  -0.378410  -0.321193  -0.376129
   0.172722   0.182902   0.155247   0.181799
   0.307086   0.325186   0.276016   0.323225

delta2 =

   0.399591   0.339171   0.397181
  -0.072785  -0.061779  -0.072346
  -0.378410  -0.321193  -0.376129
   0.182902   0.155247   0.181799
   0.325186   0.276016   0.323225

test =

   0.37670
   0.31974
   0.37443

ans =

   3   1

delta3 =

   0.50444
   0.24757
  -0.28752
   0.58816

gz =

   0.69427   0.54903   0.27212   0.65071

g =

   0.21226   0.24760   0.19807   0.22729

delta2 =

   0.0826363   0.0963931   0.0771123   0.0884866
  -0.2475470  -0.2887572  -0.2309991  -0.2650723
  -0.0106001  -0.0123648  -0.0098915  -0.0113506
   0.2506316   0.2923554   0.2338775   0.2683753
  -0.0623337  -0.0727107  -0.0581668  -0.0667467

delta2 =

   0.0963931   0.0771123   0.0884866
  -0.2887572  -0.2309991  -0.2650723
  -0.0123648  -0.0098915  -0.0113506
   0.2923554   0.2338775   0.2683753
  -0.0727107  -0.0581668  -0.0667467

test =

  -0.078627
  -0.062900
  -0.072178

ans =

   3   1

delta3 =

   0.49396
   0.22934
   0.73748
  -0.41282

gz =

   0.74237   0.49609   0.26013   0.70799

g =

   0.19126   0.24998   0.19246   0.20674

delta2 =

  -0.011894  -0.015547  -0.011969  -0.012857
   0.102091   0.133440   0.102734   0.110356
  -0.017814  -0.023284  -0.017926  -0.019256
  -0.096907  -0.126664  -0.097517  -0.104752
   0.046014   0.060144   0.046304   0.049739

delta2 =

  -0.015547  -0.011969  -0.012857
   0.133440   0.102734   0.110356
  -0.023284  -0.017926  -0.019256
  -0.126664  -0.097517  -0.104752
   0.060144   0.046304   0.049739

test =

   0.081597
   0.062821
   0.067481

ans =

   3   1

delta3 =

  -0.50572
   0.22449
   0.74167
   0.58950

gz =

   0.74972   0.47904   0.26360   0.71888

g =

   0.18764   0.24956   0.19412   0.20209

delta2 =

   0.029897   0.039763   0.030929   0.032199
   0.128899   0.171437   0.133350   0.138827
  -0.067406  -0.089651  -0.069734  -0.072598
  -0.109283  -0.145348  -0.113057  -0.117701
   0.099208   0.131947   0.102633   0.106849

delta2 =

   0.039763   0.030929   0.032199
   0.171437   0.133350   0.138827
  -0.089651  -0.069734  -0.072598
  -0.145348  -0.113057  -0.117701
   0.131947   0.102633   0.106849

test =

   0.18189
   0.14148
   0.14729

ans =

   3   1

delta3 =

   0.50480
  -0.76334
   0.72221
   0.59287

gz =

   0.71113   0.51368   0.27960   0.67546

g =

   0.20542   0.24981   0.20142   0.21921

delta2 =

   0.345167   0.419753   0.338447   0.368338
  -0.053069  -0.064536  -0.052036  -0.056632
  -0.329723  -0.400973  -0.323305  -0.351858
   0.149018   0.181220   0.146118   0.159022
   0.286359   0.348238   0.280785   0.305583

delta2 =

   0.419753   0.338447   0.368338
  -0.064536  -0.052036  -0.056632
  -0.400973  -0.323305  -0.351858
   0.181220   0.146118   0.159022
   0.348238   0.280785   0.305583

test =

   0.45378
   0.36588
   0.39820

ans =

   3   1

delta3 =

   0.51712
   0.25637
  -0.30623
   0.59490

gz =

   0.65701   0.56778   0.29379   0.61234

g =

   0.22535   0.24541   0.20748   0.23738

delta2 =

   0.0872615   0.0950290   0.0803420   0.0919205
  -0.2703854  -0.2944537  -0.2489448  -0.2848218
  -0.0085793  -0.0093430  -0.0078990  -0.0090374
   0.2728820   0.2971725   0.2512434   0.2874516
  -0.0708294  -0.0771342  -0.0652129  -0.0746111

delta2 =

   0.0950290   0.0803420   0.0919205
  -0.2944537  -0.2489448  -0.2848218
  -0.0093430  -0.0078990  -0.0090374
   0.2971725   0.2512434   0.2874516
  -0.0771342  -0.0652129  -0.0746111

test =

  -0.063661
  -0.053822
  -0.061579

ans =

   3   1

delta3 =

   0.51915
   0.26477
   0.68425
  -0.40670

gz =

   0.63995   0.59141   0.29257   0.59027

g =

   0.23041   0.24164   0.20697   0.24185

delta2 =

  -0.0216895  -0.0227467  -0.0194830  -0.0227662
   0.1055392   0.1106837   0.0948028   0.1107785
  -0.0090224  -0.0094622  -0.0081046  -0.0094703
  -0.1029137  -0.1079302  -0.0924443  -0.1080227
   0.0389703   0.0408699   0.0350059   0.0409049

delta2 =

  -0.0227467  -0.0194830  -0.0227662
   0.1106837   0.0948028   0.1107785
  -0.0094622  -0.0081046  -0.0094703
  -0.1079302  -0.0924443  -0.1080227
   0.0408699   0.0350059   0.0409049

test =

   0.035036
   0.030009
   0.035066

ans =

   3   1

delta3 =

  -0.49160
   0.25317
   0.70407
   0.58914

gz =

   0.67812   0.56379   0.27714   0.63213

g =

   0.21827   0.24593   0.20033   0.23254

delta2 =

   0.027857   0.031387   0.025567   0.029678
   0.139775   0.157487   0.128288   0.148913
  -0.068531  -0.077215  -0.062899  -0.073012
  -0.119833  -0.135017  -0.109984  -0.127667
   0.103403   0.116505   0.094905   0.110163

delta2 =

   0.031387   0.025567   0.029678
   0.157487   0.128288   0.148913
  -0.077215  -0.062899  -0.073012
  -0.135017  -0.109984  -0.127667
   0.116505   0.094905   0.110163

test =

   0.13088
   0.10661
   0.12375

ans =

   3   1

delta3 =

   0.49601
  -0.76637
   0.73197
   0.58705

gz =

   0.73179   0.50930   0.26218   0.69507

g =

   0.19627   0.24991   0.19344   0.21195

delta2 =

   0.329135   0.419082   0.324385   0.355414
  -0.046531  -0.059247  -0.045859  -0.050246
  -0.315595  -0.401841  -0.311040  -0.340793
   0.138369   0.176183   0.136372   0.149417
   0.275329   0.350572   0.271355   0.297312

delta2 =

   0.419082   0.324385   0.355414
  -0.059247  -0.045859  -0.050246
  -0.401841  -0.311040  -0.340793
   0.176183   0.136372   0.149417
   0.350572   0.271355   0.297312

test =

   0.46093
   0.35678
   0.39091

ans =

   3   1

delta3 =

   0.49299
   0.22406
  -0.25695
   0.58864

gz =

   0.75271   0.47836   0.26096   0.72173

g =

   0.18614   0.24953   0.19286   0.20084

delta2 =

   0.077329   0.103664   0.080120   0.083435
  -0.210064  -0.281604  -0.217646  -0.226651
  -0.016200  -0.021717  -0.016785  -0.017479
   0.214778   0.287924   0.222530   0.231737
  -0.046300  -0.062069  -0.047972  -0.049956

delta2 =

   0.103664   0.080120   0.083435
  -0.281604  -0.217646  -0.226651
  -0.021717  -0.016785  -0.017479
   0.287924   0.222530   0.231737
  -0.062069  -0.047972  -0.049956

test =

  -0.088351
  -0.068285
  -0.071110

ans =

   3   1

delta3 =

   0.50113
   0.23177
   0.72965
  -0.40806

gz =

   0.72567   0.49974   0.27450   0.69210

g =

   0.19907   0.25000   0.19915   0.21310

delta2 =

  -0.011816  -0.014839  -0.011821  -0.012649
   0.102831   0.129137   0.102872   0.110076
  -0.018107  -0.022740  -0.018115  -0.019383
  -0.097562  -0.122520  -0.097600  -0.104435
   0.046498   0.058393   0.046516   0.049774

delta2 =

  -0.014839  -0.011821  -0.012649
   0.129137   0.102872   0.110076
  -0.022740  -0.018115  -0.019383
  -0.122520  -0.097600  -0.104435
   0.058393   0.046516   0.049774

test =

   0.074289
   0.059179
   0.063324

ans =

   3   1

delta3 =

  -0.48580
   0.25110
   0.70112
   0.59462

gz =

   0.67078   0.55360   0.29094   0.62860

g =

   0.22083   0.24713   0.20629   0.23346

delta2 =

   0.030055   0.033633   0.028076   0.031773
   0.138737   0.155255   0.129601   0.146670
  -0.070427  -0.078812  -0.065789  -0.074454
  -0.118243  -0.132321  -0.110456  -0.125004
   0.104836   0.117318   0.097932   0.110831

delta2 =

   0.033633   0.028076   0.031773
   0.155255   0.129601   0.146670
  -0.078812  -0.065789  -0.074454
  -0.132321  -0.110456  -0.125004
   0.117318   0.097932   0.110831

test =

   0.12939
   0.10801
   0.12224

ans =

   3   1

== 
==                                   Part Name |     Score | Feedback
==                                   --------- |     ----- | --------
==               Feedforward and Cost Function |  30 /  30 | Nice work!
==                   Regularized Cost Function |  15 /  15 | Nice work!
==                            Sigmoid Gradient |   5 /   5 | Nice work!
==   Neural Network Gradient (Backpropagation) |   0 /  40 | 
==                        Regularized Gradient |   0 /  10 | 
==                                   --------------------------------
==                                             |  50 / 100 | 
== 
